111000010
001101010
110000001
111110011
011010110
100000110
110100001
111110010
000001010
011010011
100000000
001011000
001011001
011000011
100000000
110000011
001001110
111110001
110100001
111010111
110000011
111110010
110011111
111110011
110010001
111110100
010010001
110100001
000001110
011010110
010010001
100000011
001011010
011011100
000110101
000010101
100000001
110000001
111110100
110100001
000000110
011010110
010010000
100000011
001011010
011011100
000110101
000010101
100000010
111011100
000110010
010110011
001111111
110010001
111110011
000110011
011011100
100000100
110000011
111110010
000110101
000010101
100000101
110001101
111110011
111001101
010111101
111101011
001111111
111010011
000110011
010011001
111100011
110010001
111110100
000110100
001011100
111100011
010111000
001101000
111111001
011000000
100000110
110001101
111110010
010110001
110100001
000000110
010110110
111110011
110000011
111110010
010110011
010010000
001111001
001111111
111111001
011000000
100000110
110100001
111110001
010110001
001101110
001100110
111110001
110001101
111110011
010111001
001101111
111111001
000110010
010010000
110000101
101000111
110000111
101001111
011111111
