110000011
111110001
110100001
111110010
000100010
111100110
110000110
000000101
111001011
001001110
111101001
111100011
011001111
beq magnitude
111110011
110000011
111110001
111100010
001011010
111100110
110000110
111111001
111110111
111011110
001010000
101100111
111001111
111100000
011000101
110000011
111110001
111011110
110011110
beq zero
000101110
111100011
zero:
111011001
001010010
magnitude:
111001000
001000010
exp:
010010011
111101010
000010111
111101000
010011011
111101001
011010011
beq mantissa_zero
011000011
111110000
110000011
111110001
111000110
111100000
000100010
beq exp
010010011
111101010
110010001
111100011
001000110
111100000
010000011
111100000
010000011
111100000
010000011
111110000
110100001
111110011
111000110
110000110
000000111
111101000
111100011
001100110
111110011
110001101
111011110
111110000
010110001
111101000
111100011
001100110
mantissa_zero:
111111111
