111000010
001101010
110000001
111110011
011010110
beq end
110100001
111110010
000001010
011010011
beq magnitude
001011000
001011001
011000011
beq magnitude
110000011
001001110
111110001
110100001
magnitude:
111010111
110000011
111110010
110011111
111110011
110010001
111110100
010010001
exp:
110100001
111110010
000001110
011010110
110000011
111110010
010010001
beq mantissa
001011110
111110011
011011100
000110101
000010101
beq exp
110000001
111110100
exp2:
110100001
111110010
000000110
011010110
110000011
111110010
010010000
beq mantissa
001011110
111110011
011011100
000110101
000010101
beq exp2
mantissa:
111011100
000110010
010110011
001111111
110010001
111110011
000110011
011011100
beq ten
110000011
111110010
000110101
000010101
beq bigger
110001101
111110011
111001101
010111101
111101011
001111111
111010011
000110011
010011001
111100011
110010001
111110100
000110100
001011100
111100011
010111000
001101000
111111001
011000000
beq end
ten:
110001101
111110010
010110001
110100001
000000110
010110110
111110011
110000011
111110010
010110011
010010000
001111001
001111111
111111001
011000000
beq end
bigger:
110100001
111110001
010110001
001101110
001100110
111110001
110001101
111110011
010111001
001101111
111111001
000110010
010010000
end:
110000101
101000111
110000111
101001111
011111111
