110001011
110000110
110001001
110001110
110100001
111110100
000000100
110001111
111110010
010110100
110000011
111110010
111000011
010010011
110000111
111110010
010110011
110000111
000000110
111110000
110011111
001011110
111110011
110000001
011011110
beq exp_zero
110001001
111110010
001110000
exp_zero:
110010101
011011110
110000111
111110010
011010101
beq exp_gt_ten
110010101
111110010
001010011
010111001
010111000
110000001
111110101
beq skip_exp_gt_ten
exp_gt_ten:
110010101
001011110
111110010
010010000
010010001
skip_exp_gt_ten:
110011111
111110010
110000111
111110011
010011010
110001111
111110011
000111010
000010000
110000001
111100010
011010110
beq finished
111110010
001010000
110000011
111110010
001000010
111010000
110000001
011001110
111110011
001011001
beq overflow
110000001
111110101
beq finished
overflow:
110000011
111110010
000110000
finished:
110001111
101000111
110001101
101001111
011111111
