110010011
110100001
111110010
000000010
110011111
111110010
111100011
001011010
110000001
111110111
101100111
110000011
111110010
010100010
111110111
101101111
110000111
111110010
000000010
111110111
101000111
110000101
111110111
101101111
110100001
111110010
000000010
110011111
111110010
111100011
001011010
110001001
111110111
101100111
110000011
111110010
010100010
110001011
111110111
101101111
110000111
111110010
000000010
110001101
111110111
101000111
110001111
111110111
101101111
110000011
110000110
110001011
110010110
011000010
111100001
110000111
111110100
011001100
100000000
110000011
111110111
101010111
111000001
111010000
111001010
001000010
111101011
110000101
110000110
110000111
110001110
010101011
111001101
110010001
111110001
001001011
111100001
010000001
111101001
111100010
000101010
010100011
110000101
111110111
101011111
110000111
111110111
101101111
110000101
111110111
101000111
001000010
111101011
110000101
110000110
110000111
110001110
010101011
111001101
110010001
111110001
001001011
111100001
010000001
111101001
111000010
000101010
010100011
110000001
110000110
110000101
110001110
110000001
111110010
110011011
101010111
110011001
101010111
011111111