110001011
110000110
110001001
110001110
110100001
111110100
000000100
110001111
111110010
010110100
110000011
111110010
111000011
010010011
110000111
111110010
010110011
110000111
000000110
111110000
110011111
111110111
110000011
111110010
010010111
011011111
100000101
110000011
111110010
011010111
100000100
110011111
001011110
111110011
110000001
011011110
100000000
110000011
111110010
001110000
110010101
011011110
110000111
111110010
011010101
100000001
110010101
111110010
001011010
010010000
111010111
110010001
111110010
001010111
111111011
111001111
010111111
111111011
000111000
010010001
110000001
111110101
100000010
110010101
111110010
001010011
010111001
111011111
110010001
111110010
001010111
111111010
111000111
010010111
111111010
000110001
010111000
110000001
111100010
011010110
100000101
111110010
001010000
110000011
111110010
001000010
111010000
110000001
011001110
111110011
001011001
100000011
110000001
111110101
100000101
110000011
111110010
000110000
110000001
111110101
100000101
110000011
111110000
110100001
111110011
001011000
000100110
111100011
000111000
111110001
000111001
110001111
101000111
110001101
101001111
011111111